R23-M0-N0-C:J06-U11,6 168 168 168 168 168 168 6 6 6 6 6 6 168 168 168 168 168 6 6 6 6 168 168 168 168 168 168 168 168 168 168 168 168 168 168 168 168 168 168 168 168 168 168 168 168 168 168 168 168 168 168 168 168 168 168 168 168 9 168 168 168 168 168 92 343 390 12 22 12 22
R22-M0-N2-C:J17-U11,168 168 168 168 168 168 168 168 168 168 168 168 168 168 168 168 168 168 168 168 168 6 6 6 6 6 6 6 6 6 6 6 6 6 6 6 6 6 168 168 6 168 168 168 168 168 168 168 168 168 6 168 168 168 168 6 6 6 6 6 6 168 168 168 168 168 168 168 6 6 168 168 168 168 168 168 168 168 168 168 168 168 168 168 168 168 168 168 168 168 168 168 168 168 168 168 168 6 168 168 168 168 168 168 168 168 168 168 168 168 168 168 168 168 168 168 9 168 168 168 168 168 168 168 168 168 168 168 168 168 168 168 9 12 22 12 22 195 195
R22-M0-N2-C:J08-U01,168 168 168 168 168 168 168 168 168 168 168 168 168 168 168 168 168 168 168 168 168 168 6 6 6 6 6 6 6 6 6 6 6 6 6 6 6 6 6 168 168 6 168 168 168 168 168 168 168 168 6 168 168 168 168 6 6 6 6 6 6 168 168 168 168 168 168 6 6 168 168 168 168 168 168 168 168 168 168 168 168 168 168 168 168 168 168 168 168 168 168 168 168 168 168 168 6 168 168 168 168 168 168 168 168 168 168 168 168 168 168 168 168 168 168 9 168 168 168 168 168 168 168 168 168 168 168 168 168 168 168 9 173 12 22 12 22 195 195
R22-M1-N9-C:J04-U01,168 168 168 168 168 168 168 168 168 168 168 6 6 6 6 6 6 6 6 6 6 6 6 6 6 6 6 168 168 168 168 168 6 168 168 168 168 6 6 6 6 6 6 168 168 168 168 168 168 168 6 6 168 168 168 168 168 168 168 168 168 168 168 168 168 168 168 168 168 6 168 168 168 168 168 168 168 168 168 168 168 168 168 168 168 168 168 9 9 9 168 168 168 9 9 168 168 168 168 168 168 168 168 168 168 168 168 9 12 22 12 22 195 195
R22-M1-NB-C:J10-U01,168 168 168 168 168 168 168 168 6 6 6 6 6 6 6 6 6 6 6 6 6 6 6 6 168 168 168 168 168 168 6 168 168 168 168 6 6 6 6 6 6 168 168 168 168 168 168 168 6 6 168 168 168 168 168 168 168 168 168 168 168 168 168 168 168 168 168 6 168 168 168 168 168 168 168 168 168 168 168 168 168 168 168 168 168 9 9 9 168 168 168 9 9 168 168 168 168 168 168 168 168 168 168 168 168 9 12 22 12 22 195 195
R22-M1-N2-C:J10-U11,168 168 168 168 168 168 168 168 6 6 6 6 6 6 6 6 6 6 6 6 6 6 6 6 168 168 168 168 6 168 168 6 6 6 6 6 6 168 168 168 168 168 168 168 6 6 168 168 168 168 168 168 168 168 168 168 168 168 168 168 168 168 168 6 168 168 168 168 168 168 168 168 168 168 168 168 168 168 168 168 168 9 9 9 168 168 168 9 9 168 168 168 168 168 168 168 168 168 168 168 168 9 9 9 12 22 12 22 195 195
R23-M1-N9-C:J11-U11,168 168 168 168 6 6 6 6 6 6 6 6 6 6 6 6 6 6 6 6 168 168 6 168 168 168 168 6 6 6 6 6 6 168 168 168 168 168 168 168 168 168 168 168 168 168 168 168 168 168 168 168 168 168 168 168 168 168 6 168 168 168 168 168 168 168 168 168 168 168 168 168 168 168 168 168 168 9 9 168 168 168 168 168 168 168 168 168 168 168 168 168 12 22 12 22 195
R23-M1-NF-C:J17-U11,168 168 168 6 6 6 6 6 6 6 6 6 6 6 6 6 6 6 6 168 168 168 6 168 168 168 168 6 6 6 6 6 6 168 168 168 168 168 168 168 168 168 168 168 168 168 168 168 168 168 168 6 168 168 168 168 168 168 168 168 168 168 168 168 168 168 168 9 9 168 168 168 168 168 168 168 168 168 168 168 168 168 9 9 12 22 12 22 195
R23-M1-NC-C:J13-U01,168 168 168 168 168 168 168 6 6 6 6 6 6 6 6 6 6 6 6 6 6 6 6 168 168 168 6 6 6 6 168 168 168 168 168 168 168 168 168 168 168 168 168 168 168 168 168 168 168 168 168 168 168 168 9 9 168 168 168 168 168 168 168 12 22 12 22
R23-M1-N4-C:J09-U01,168 168 168 168 168 6 6 6 6 6 6 6 6 6 6 6 6 6 6 6 6 168 168 168 168 6 6 6 6 168 168 168 168 168 168 168 168 168 168 168 168 168 168 168 168 168 168 168 168 168 168 168 168 168 168 168 9 9 168 168 168 168 168 12 22 12 22
R30-M0-NB-C:J09-U01,5 38 38 354 5 38 354 168 168 168 168 168 168 168 168 168 168 168 168 168 6 6 168 168 168 6 168 168 168 168 6 6 6 6 6 6 5 38 38 38 38 38 38 38 38 38 38 38 38 38 38 38 38 38 38 38 38 354 168 168 168 168 168 168 5 38 38 354 168 168 168 168 168 168 168 168 168 168 168 168 168 168 5 38 38 38 38 38 38 38 38 38 354 168 6 168 168 168 168 168 168 168 168 168 168 168 168 168 168 168 168 5 38 38 38 38 38 38 354 168 5 38 38 354 5 38 354 9 9 9 168 168 168 168 168 168 168 168 168 168 168 168 168 5 38 354 5 38 38 354 5 38 354 5 38 354 5 38 38 354 5 38 354 5 38 38 354 5 38 38 38 38 38 354 5 38 354 5 38 38 38 38 38 354 5 38 38 38 38 354 5 38 38 38 38 38 38 38 38 38 38 38 38 38 38 38 38 38 38 38 354 4 38 355 4 38 355 12 22 12 22 4 38 355 4 355 195 4 355 4 355 4 355 4 355 4 355 4 355
R37-M1-N6-C:J15-U11,168 168 168 168 168 168 168 168 168 168 6 6 168 168 168 168 168 6 168 168 168 168 6 6 6 6 6 6 168 168 168 168 168 168 168 6 6 168 168 168 168 168 168 168 168 168 168 168 168 168 168 168 168 168 168 168 168 168 168 168 168 6 168 168 168 168 168 168 168 168 168 168 168 168 168 168 168 168 168 168 9 168 168 168 9 9 168 168 168 168 168 168 168 168 168 168 168 168 168 168 9 9 9 12 22 12 22 195 195
R37-M1-N6-C:J10-U11,168 168 168 168 168 168 168 168 168 168 6 6 168 168 168 168 168 6 168 168 168 168 6 6 6 6 6 6 168 168 168 168 168 168 168 6 6 168 168 168 168 168 168 168 168 168 168 168 168 168 168 168 168 168 168 168 168 168 168 168 168 6 168 168 168 168 168 168 168 168 168 168 168 168 168 168 168 168 168 168 9 168 168 168 9 9 168 168 168 168 168 168 168 168 168 168 168 168 168 168 9 9 9 12 22 12 22 195 195
R31-M0-N2-C:J11-U01,168 168 168 168 168 168 168 168 168 168 168 168 168 168 6 6 168 168 168 168 6 168 168 168 168 6 6 6 6 6 6 168 168 168 168 168 168 168 6 6 168 168 168 168 168 168 168 168 168 168 168 168 168 168 168 168 168 6 168 168 168 168 168 168 168 168 168 168 168 168 168 168 168 168 168 168 9 9 168 168 168 9 9 168 168 168 168 168 168 168 168 168 168 168 168 168 168 9 12 22 12 22 195 195
R31-M0-N2-C:J02-U11,168 168 168 168 168 168 168 168 168 168 168 168 168 168 168 6 6 168 168 168 168 168 6 168 168 168 168 6 6 6 6 6 6 168 168 168 168 168 168 168 6 6 168 168 168 168 168 168 168 168 168 168 168 168 168 168 168 168 168 6 168 168 168 168 168 168 168 168 168 168 168 168 168 168 168 168 168 168 9 9 168 168 168 9 9 168 168 168 168 168 168 168 168 168 168 168 168 168 168 9 12 22 12 22 195 195
R33-M1-N6-C:J04-U11,168 168 168 168 168 168 168 168 6 6 168 168 168 168 168 6 168 168 168 168 6 6 6 6 6 6 168 168 168 168 168 168 168 6 6 168 168 168 168 168 168 168 168 168 168 168 168 168 168 168 168 168 168 168 168 168 168 168 168 6 168 168 168 168 168 168 168 168 168 168 168 168 168 168 168 168 168 168 9 168 168 168 9 9 168 168 168 168 168 168 168 168 168 168 168 168 9 173 12 22 12 22 195 195
R36-M1-NA-C:J02-U11,168 168 168 168 168 168 168 168 168 168 168 168 168 6 6 168 168 168 168 168 6 168 168 168 168 6 6 6 6 6 6 168 168 168 168 168 6 6 168 168 168 168 168 168 168 168 168 168 168 168 168 168 168 168 168 168 168 168 168 168 168 168 168 168 168 6 168 168 168 168 168 168 168 168 168 168 168 168 168 168 168 168 168 168 9 168 168 168 9 9 168 168 168 168 168 168 168 168 168 168 168 168 168 9 173 9 9 12 22 12 22 195 195
R36-M1-ND-C:J13-U01,168 168 168 168 168 168 168 168 168 168 168 168 6 6 168 168 168 168 168 6 168 168 168 168 6 6 6 6 6 6 168 168 168 168 168 168 6 6 168 168 168 168 168 168 168 168 168 168 168 168 168 168 168 168 168 168 168 168 168 168 168 168 168 168 6 168 168 168 168 168 168 168 168 168 168 168 168 168 168 168 168 168 168 9 168 168 168 9 9 168 168 168 168 168 168 168 168 168 168 168 168 168 168 9 9 9 12 22 12 22 195 195
R33-M1-N3-C:J14-U11,168 168 168 168 168 168 168 168 168 168 168 168 6 6 168 168 168 168 168 302 187 147 206 305 307 308 156 341 99 99 27 309 34 306 304 303 375 217 362 168 6 168 168 168 168 6 6 6 6 6 6 168 168 168 168 168 168 168 6 6 168 168 168 168 168 168 168 168 168 168 168 168 168 168 168 168 168 168 168 168 168 168 168 168 6 168 168 168 168 168 168 168 168 168 168 168 168 168 168 168 168 168 168 9 168 168 168 9 9 168 168 168 168 168 168 168 168 168 168 168 168 9 12 22 12 22 195 195
R31-M0-NF-C:J03-U01,168 168 168 168 168 168 168 168 168 168 168 168 168 168 168 168 6 6 168 168 168 168 168 6 168 168 168 168 6 6 6 6 6 6 168 168 168 168 168 168 6 6 168 168 168 168 168 168 168 168 168 168 168 168 168 168 168 168 168 6 168 168 168 168 168 168 168 168 168 168 168 168 168 168 168 168 168 9 9 168 168 168 9 9 168 168 168 168 168 168 168 168 168 168 168 168 9 9 9 12 22 12 22 195 195
R37-M0-N3-C:J05-U01,168 168 168 168 168 168 168 168 168 168 168 168 6 6 168 168 168 168 168 6 168 168 168 168 6 6 6 6 6 6 168 168 168 168 168 168 168 6 6 168 168 168 168 168 168 168 168 168 168 168 168 168 168 168 168 168 6 168 168 168 168 168 168 168 168 168 168 168 168 168 168 168 168 168 168 9 9 168 168 168 9 9 168 168 168 168 168 168 168 168 168 168 168 168 168 168 9 93 12 22 12 22 195 195
R37-M0-N3-C:J14-U01,168 168 168 168 168 168 168 168 168 168 168 168 168 168 6 6 168 168 168 168 168 302 187 147 206 305 307 308 156 341 99 99 27 168 6 168 168 168 168 6 6 6 6 6 6 168 168 168 168 6 6 168 168 168 168 168 168 168 168 168 168 168 168 168 168 168 168 168 6 168 168 168 168 168 168 168 168 168 168 168 168 168 168 168 168 168 168 9 9 168 168 168 9 9 168 168 168 168 168 168 168 168 168 168 168 168 168 168 92 343 9 12 22 12 22 195 195
R37-M1-N3-C:J12-U11,168 168 168 168 168 168 168 168 168 168 168 6 6 168 168 168 168 168 6 168 168 168 168 6 6 6 6 6 6 168 168 168 168 168 168 6 6 168 168 168 168 168 168 168 168 168 168 168 168 168 168 168 168 168 168 168 168 168 168 168 168 6 168 168 168 168 168 168 168 168 168 168 168 168 168 168 168 168 168 168 9 168 168 168 9 9 168 168 168 168 168 168 168 168 168 168 168 168 168 168 9 9 9 12 22 12 22 195 195
R37-M1-NE-C:J10-U01,168 168 168 168 168 168 168 168 168 168 168 168 6 6 168 168 168 168 168 6 168 168 168 168 6 6 6 6 6 6 168 168 168 168 168 168 6 6 168 168 168 168 168 168 168 168 168 168 168 168 168 168 168 168 168 168 168 168 168 168 168 168 6 168 168 5 38 354 168 168 168 168 168 168 168 168 168 168 168 168 168 168 168 168 5 38 38 354 9 168 168 168 9 9 168 168 168 168 168 168 168 168 168 168 168 168 168 168 5 38 354 5 38 38 38 38 38 38 38 38 38 38 38 38 38 38 38 38 38 354 5 38 38 354 5 38 38 38 38 38 38 38 354 5 38 38 38 38 354 5 38 38 38 38 354 5 38 38 38 38 38 38 38 38 38 38 354 5 38 354 5 38 38 354 5 38 38 354 5 38 38 38 354 5 38 38 354 5 38 354 5 38 38 354 9 12 22 12 22 195 195
R33-M1-ND-C:J06-U11,168 168 168 168 168 168 168 168 168 168 168 6 6 168 168 168 168 168 6 168 168 168 168 6 6 6 6 6 6 168 168 168 168 168 168 168 6 6 168 168 168 168 168 168 168 168 168 168 168 168 168 168 168 168 168 168 168 168 168 168 168 168 6 168 168 168 168 168 168 168 168 168 168 168 168 168 168 168 168 168 168 9 168 168 168 9 9 168 168 168 168 168 168 168 168 168 168 168 168 9 12 22 12 22 195 195
R33-M1-ND-C:J06-U01,168 168 168 168 168 168 168 168 168 168 168 168 168 168 6 6 168 168 168 168 168 6 168 168 168 168 6 6 6 6 6 6 168 168 168 168 168 168 168 6 6 168 168 168 168 168 168 168 168 168 168 168 168 168 168 168 168 168 168 168 168 168 168 168 168 6 168 168 168 168 168 168 168 168 168 168 168 168 168 168 168 168 168 168 9 168 168 168 9 9 168 168 168 168 168 168 168 168 168 168 168 168 9 12 22 12 22 195 195
R33-M0-NE-C:J09-U01,168 168 168 168 168 168 168 168 168 168 168 168 6 6 168 168 168 168 6 168 168 168 168 6 6 6 6 6 6 168 168 168 168 168 168 168 6 6 168 168 168 168 168 168 168 168 168 168 168 168 168 168 168 168 168 6 168 168 168 168 168 168 168 168 168 168 168 168 168 168 168 168 168 9 9 168 168 168 9 9 168 168 168 168 168 168 168 168 168 168 168 168 9 9 9 12 22 12 22 195 195
R33-M1-NE-C:J03-U01,168 168 168 168 168 168 168 168 168 168 6 6 168 168 168 168 6 168 168 168 168 6 6 6 6 6 6 168 168 168 168 168 168 168 6 6 168 168 168 168 168 168 168 168 168 168 168 168 168 168 168 168 168 168 168 168 168 168 168 168 6 168 168 168 168 168 168 168 168 168 168 168 168 168 168 168 168 168 168 9 168 168 168 9 9 168 168 168 168 168 168 168 168 168 168 168 168 9 9 9 12 22 12 22 195 195
R37-M0-N9-C:J17-U01,168 168 168 168 168 168 168 168 168 168 168 168 168 168 6 6 168 168 168 168 168 6 168 168 168 168 6 6 6 6 6 6 168 168 168 168 168 168 168 6 6 168 168 168 168 168 168 168 168 168 168 168 168 168 168 168 168 168 168 168 168 168 168 168 168 6 168 168 168 168 168 168 168 168 168 168 168 168 168 168 168 168 168 168 9 9 168 168 168 9 9 168 168 168 168 168 168 168 168 168 168 168 168 168 168 168 168 9 12 22 12 22 195 195
R37-M0-NE-C:J09-U11,168 168 168 168 168 168 168 168 168 168 168 168 168 6 6 168 168 168 168 168 6 168 168 168 168 6 6 6 6 6 6 168 168 168 168 168 168 168 6 6 168 168 168 168 168 168 168 168 168 168 168 168 168 168 168 168 168 168 168 6 168 168 168 168 168 168 168 168 168 168 168 168 168 168 168 168 168 9 9 168 168 168 9 9 168 168 168 168 168 168 168 168 168 168 168 168 168 168 9 12 22 12 22 195 195
R37-M0-NB-C:J06-U11,168 168 168 168 168 168 168 168 168 168 168 6 6 168 168 168 168 168 6 168 168 168 168 6 6 6 6 6 6 168 168 168 168 168 168 168 6 6 168 168 168 168 168 168 168 168 168 168 168 168 168 168 168 168 168 6 168 168 168 168 168 168 168 168 168 168 168 168 168 168 168 168 168 168 9 9 168 168 9 9 168 168 168 168 168 168 168 168 168 168 168 168 9 9 9 12 22 12 22 195 195
R37-M0-NB-C:J10-U01,168 168 168 168 168 168 168 168 168 168 168 168 168 168 168 6 6 168 168 168 168 168 6 168 168 168 168 6 6 6 6 6 6 168 168 168 168 168 168 6 6 168 168 168 168 168 168 168 168 168 168 168 168 168 168 168 168 168 6 168 168 168 168 168 168 168 168 168 168 168 168 168 168 168 168 168 168 9 9 168 168 9 9 168 168 168 168 168 168 168 168 168 168 168 168 9 9 9 12 22 12 22 195 195
R37-M1-NF-C:J16-U11,168 168 168 168 168 168 168 168 168 168 168 6 6 168 168 168 168 168 302 187 147 206 305 307 308 156 341 99 99 27 309 34 306 304 303 375 217 362 18 168 6 168 168 18 168 168 6 6 6 6 6 6 168 168 168 168 168 168 168 18 6 6 168 168 168 168 168 168 168 168 168 168 168 168 168 168 168 168 168 168 168 168 168 168 168 168 6 168 168 168 168 168 168 168 168 168 168 168 168 168 168 168 168 168 168 9 168 168 168 9 9 168 168 168 168 168 168 168 168 168 168 168 168 168 9 12 22 12 22 195 195
R30-M0-N1-C:J04-U01,168 168 168 168 168 168 168 168 168 168 168 168 168 6 6 168 168 168 6 168 168 168 168 6 6 6 6 6 6 168 168 168 168 168 168 6 6 168 168 168 168 168 168 168 168 168 168 168 168 168 168 168 168 168 6 168 168 168 168 168 168 168 168 168 168 168 168 168 168 168 168 168 9 9 9 168 168 168 9 9 168 168 168 168 168 168 168 168 168 168 168 168 9 9 9 12 22 12 22 195 195
R36-M0-NF-C:J16-U11,168 168 168 168 168 168 168 168 168 168 168 6 6 168 168 168 168 168 6 168 168 168 168 6 6 6 6 6 6 168 168 168 168 168 168 168 168 6 6 168 168 168 168 168 168 168 168 168 168 168 168 168 168 168 168 168 168 6 168 168 168 168 168 168 168 168 168 168 168 168 168 168 168 168 168 9 9 9 9 9 9 168 168 168 168 168 168 168 168 168 168 168 168 168 168 168 9 9 9 12 22 12 22 195 195
R36-M0-N9-C:J03-U11,168 168 168 168 168 168 168 168 168 6 6 168 168 168 168 168 6 168 168 6 6 6 6 6 6 168 168 168 168 168 168 6 6 168 168 168 168 168 168 168 168 168 168 168 168 168 168 168 168 168 6 168 168 168 168 168 168 168 168 168 168 168 168 168 168 168 168 168 9 9 9 168 168 168 168 168 168 168 168 168 168 168 168 168 168 168 168 168 9 9 9 12 22 12 22 195 195
R36-M1-N3-C:J10-U11,168 168 168 168 168 168 168 168 168 168 168 6 6 168 168 168 168 168 6 168 168 168 168 6 6 6 6 6 6 168 168 168 168 168 168 168 6 6 168 168 168 168 168 168 168 168 168 168 168 168 168 168 168 168 168 168 168 168 168 168 168 168 168 168 168 6 168 168 168 168 168 168 168 168 168 168 168 168 168 168 168 168 168 168 9 168 168 168 168 168 168 168 168 168 168 168 168 168 168 168 168 168 9 12 22 12 22 195 195
R31-M0-N1-C:J16-U01,168 168 168 168 168 168 168 168 168 168 168 168 168 168 6 6 168 168 168 6 168 168 168 168 6 6 6 6 6 6 168 168 168 168 168 6 6 168 168 168 168 168 168 168 168 168 168 168 168 168 168 168 168 168 168 168 168 168 168 168 168 6 168 168 168 168 168 168 168 168 168 168 168 168 168 168 168 168 168 168 9 9 168 168 168 168 168 168 168 168 168 168 168 168 168 168 168 9 9 9 97 12 22 12 22 195 195
R31-M0-ND-C:J09-U11,168 168 168 168 168 168 168 168 168 168 168 168 168 168 6 6 168 168 168 168 6 168 168 168 168 6 6 6 6 6 6 168 168 168 168 168 168 6 6 168 168 168 168 168 168 168 168 168 168 168 168 168 168 168 168 168 6 168 168 168 168 168 168 168 168 168 168 168 168 168 168 168 168 168 9 9 168 168 168 168 168 168 168 168 168 168 168 168 168 168 168 9 9 9 12 22 12 22 195 195
R31-M0-ND-C:J07-U11,168 168 168 168 168 168 168 168 168 168 168 168 168 6 6 168 168 168 168 6 168 168 168 168 6 6 6 6 6 6 168 168 168 168 168 168 168 6 6 168 168 168 168 168 168 168 168 168 168 168 168 168 168 168 168 168 6 168 168 168 168 168 168 168 168 168 168 168 168 168 168 168 168 168 9 9 168 168 168 168 168 168 168 168 168 168 168 168 168 168 168 9 9 9 12 22 12 22 195 195
R36-M0-ND-C:J13-U01,168 168 168 168 168 168 168 168 168 168 168 168 168 6 6 168 168 168 168 168 6 168 168 168 168 6 6 6 6 6 6 168 168 168 168 168 168 168 168 6 6 168 168 168 168 168 168 168 168 168 168 168 168 168 168 168 168 168 168 168 6 168 168 168 168 168 168 168 168 168 168 168 168 168 168 168 168 168 9 9 9 9 168 168 168 168 168 168 168 168 168 168 168 168 168 168 168 168 9 9 9 12 22 12 22 195 195
R36-M1-N9-C:J16-U11,168 168 168 168 168 168 168 168 168 168 168 168 168 168 6 6 168 168 168 168 168 6 168 168 6 6 6 6 6 6 168 168 168 168 168 168 168 6 6 168 168 168 168 168 168 168 168 168 168 168 168 168 168 168 168 168 168 168 168 168 168 168 168 168 168 168 6 168 168 168 168 168 168 168 168 168 168 168 168 168 168 168 168 168 168 9 168 168 168 168 168 168 168 168 168 168 168 168 168 168 168 168 9 12 22 12 22 195 195
R34-M0-N2-C:J13-U01,168 168 168 168 168 168 168 168 168 168 168 168 6 6 168 168 168 168 168 302 187 147 206 305 307 308 156 341 99 99 27 309 34 306 304 303 375 217 362 6 168 168 168 168 6 6 6 6 6 6 168 168 168 168 168 168 168 6 6 168 168 168 168 168 168 168 168 168 168 168 168 168 168 168 168 168 168 168 6 168 168 168 168 168 168 168 168 168 168 168 168 168 168 168 168 168 9 9 9 168 168 168 168 168 168 168 168 168 168 168 168 168 168 168 9 9 9 12 22 12 22 195 195
R34-M0-N2-C:J10-U01,168 168 168 168 168 168 168 168 168 168 168 168 168 6 6 168 168 168 168 168 6 168 168 168 168 6 6 6 6 6 6 168 168 168 168 168 168 168 6 6 168 168 168 168 168 168 168 168 168 168 168 168 168 168 168 168 168 6 168 168 168 168 168 168 168 168 168 168 168 168 168 168 168 168 168 9 9 9 168 168 168 168 168 168 168 168 168 168 168 168 168 168 168 9 9 9 12 22 12 22 195 195
R33-M0-N9-C:J14-U01,168 168 168 168 168 168 168 168 168 168 168 168 168 168 168 168 168 168 168 6 6 168 168 168 302 187 147 206 305 307 308 156 341 99 99 168 6 168 168 6 6 6 6 6 6 168 168 168 168 168 168 168 168 168 168 168 168 168 168 168 168 168 168 168 168 168 168 168 168 168 168 168 6 168 168 168 168 168 168 168 168 168 168 168 168 168 168 168 168 168 168 9 9 168 168 168 168 168 168 168 168 168 168 168 168 168 168 168 9 9 9 12 22 12 22 195 195
R33-M0-NB-C:J11-U11,168 168 168 168 168 168 168 168 168 168 6 6 168 168 168 168 6 168 168 6 6 6 6 6 6 168 168 168 168 168 168 168 168 168 168 168 168 168 168 168 168 168 168 168 168 168 168 168 168 168 168 168 168 168 6 168 168 168 168 168 168 168 168 168 168 168 168 168 168 168 168 168 168 9 9 168 168 168 168 168 168 168 168 168 168 168 168 168 168 168 92 343 9 12 22 12 22 195 195
R33-M1-NA-C:J10-U11,168 168 168 168 168 168 168 168 168 168 168 6 6 168 168 168 168 6 168 168 6 6 6 6 6 6 168 168 168 168 168 168 168 168 168 168 168 168 168 168 168 168 168 168 168 168 168 168 168 168 168 168 168 6 168 168 168 168 168 168 168 168 168 168 168 168 168 168 168 168 168 168 9 168 168 168 168 168 168 168 168 168 168 168 168 168 168 168 9 173 9 9 12 22 12 22 195 195
R31-M1-NE-C:J16-U11,168 168 168 168 168 168 168 168 168 168 168 6 6 168 168 168 168 6 168 168 168 168 6 6 6 6 6 6 168 168 168 168 168 168 168 168 168 168 168 168 168 168 168 168 168 168 168 168 168 168 168 168 168 168 6 168 168 168 168 168 168 168 168 168 168 168 168 168 168 168 168 168 168 9 168 168 168 168 168 168 168 168 168 168 168 168 168 168 168 9 9 9 12 22 12 22 195 195
R34-M1-NE-C:J07-U11,168 168 168 168 168 168 168 168 168 168 168 168 168 6 6 168 168 168 168 168 6 168 168 168 168 6 6 6 6 6 6 168 168 168 168 168 168 168 168 168 168 168 168 168 168 168 168 168 168 168 168 168 168 168 168 168 168 168 168 168 168 6 168 168 168 168 168 168 168 168 168 168 168 168 168 168 168 168 168 168 9 168 168 168 168 168 168 168 168 168 168 168 168 168 168 168 9 12 22 12 22 195 195
R34-M1-N6-C:J04-U11,168 168 168 168 168 168 168 168 168 168 168 168 6 6 168 168 6 168 168 168 168 6 6 6 6 6 6 168 168 168 168 168 168 168 168 168 168 168 168 168 168 168 168 168 168 168 168 168 168 168 168 168 168 168 168 168 6 168 168 168 168 168 168 168 168 168 168 168 168 168 168 168 168 168 168 9 168 168 168 168 168 168 168 168 168 168 168 168 168 9 173 12 22 12 22 195
R31-M1-N3-C:J03-U01,168 168 168 168 168 168 168 168 168 168 168 168 168 6 6 168 168 6 168 168 168 168 6 6 6 6 6 6 168 168 168 168 168 168 168 168 168 168 168 168 168 168 168 168 168 168 168 168 168 168 168 168 168 168 168 168 6 168 168 168 168 168 168 168 168 168 168 168 168 168 168 168 168 168 168 9 168 168 168 168 168 168 168 168 168 168 168 168 168 9 12 22 12 22 195
R35-M1-N7-C:J08-U01,168 168 168 168 168 168 168 168 168 168 168 168 168 168 168 6 6 168 168 168 6 168 168 168 168 6 6 6 6 6 6 168 168 168 168 168 168 168 168 168 168 168 168 168 168 168 168 168 168 168 168 168 168 168 168 168 168 168 168 168 6 168 168 168 168 168 168 168 168 168 168 168 168 168 168 168 168 168 168 9 168 168 168 168 168 168 168 168 168 168 168 168 168 9 12 22 12 22 195
R33-M1-NF-C:J15-U01,168 168 168 168 168 168 168 168 168 168 168 168 168 6 6 168 168 6 168 168 168 168 6 6 6 6 6 6 168 168 168 168 168 168 168 168 168 168 168 168 168 168 168 168 168 168 168 168 168 168 168 168 168 168 6 168 168 168 168 168 168 168 168 168 168 168 168 168 168 168 168 168 168 9 168 168 168 168 168 168 168 168 168 168 168 168 168 9 9 9 12 22 12 22 195
R30-M1-NB-C:J05-U11,168 168 168 168 168 168 168 168 168 168 168 168 168 6 6 168 168 168 6 168 168 168 168 6 6 6 6 6 6 168 168 168 168 168 168 168 168 168 168 168 168 168 168 168 168 168 168 168 168 168 168 168 168 168 168 168 168 168 168 168 168 6 168 168 168 168 168 168 168 168 168 168 168 168 168 168 168 168 168 168 9 168 168 168 168 168 168 168 168 168 168 168 168 168 9 12 22 12 22 195
R33-M0-NF-C:J10-U01,168 168 168 168 168 168 168 168 168 168 168 168 168 168 6 6 168 168 168 6 168 168 168 168 6 6 6 6 6 6 168 168 168 168 168 168 168 168 168 168 168 168 168 168 168 168 168 168 168 168 6 168 168 168 168 168 168 168 168 168 168 168 168 168 168 168 168 168 9 9 168 168 168 168 168 168 168 168 168 168 168 168 168 9 173 9 9 12 22 12 22 195
R31-M0-N6-C:J02-U11,168 168 168 168 168 168 168 168 168 168 168 168 6 6 168 168 168 6 168 168 6 6 6 6 6 6 168 168 168 168 168 168 168 168 168 168 168 168 168 168 168 168 168 168 168 6 168 168 168 168 168 168 168 168 168 168 168 168 168 168 168 168 168 9 9 168 168 168 168 168 168 168 168 168 168 168 168 168 9 173 12 22 12 22 195
R35-M1-N2-C:J02-U11,168 168 168 168 168 168 168 168 168 168 6 6 168 168 6 168 168 168 168 6 6 6 6 6 6 168 168 168 168 168 168 168 168 168 168 168 168 168 168 168 168 168 168 168 168 168 168 168 168 168 168 168 6 168 168 168 168 168 168 168 168 168 168 168 168 168 168 168 168 168 168 9 168 168 168 168 168 168 168 168 168 168 168 168 168 9 173 9 9 12 22 12 22 195
R34-M1-N7-C:J15-U11,168 168 168 168 168 168 168 168 168 168 168 168 6 6 168 168 168 6 168 168 168 168 6 6 6 6 6 6 168 168 168 168 168 168 168 168 168 168 168 168 168 168 168 168 168 168 168 168 168 168 168 168 168 168 168 6 168 168 168 168 168 168 168 168 168 168 168 168 168 168 168 168 168 168 9 168 168 168 168 168 168 168 168 168 168 168 168 168 9 12 22 12 22 195
R30-M1-N3-C:J05-U01,168 168 168 168 168 168 168 168 168 168 168 168 168 168 168 6 6 168 168 6 168 168 168 168 6 6 6 6 6 6 168 168 168 168 168 168 168 168 168 168 168 168 168 168 168 168 168 168 168 168 168 168 168 168 168 168 168 168 6 168 168 168 168 168 168 168 168 168 168 168 168 168 168 168 168 168 168 9 168 168 168 168 168 168 168 168 168 168 168 168 168 12 22 12 22 195
R37-M0-N5-C:J07-U01,168 168 168 168 168 168 168 168 168 168 168 168 168 6 6 168 168 168 6 168 168 168 168 6 6 6 6 6 6 168 168 168 168 168 168 168 168 168 168 168 168 168 168 168 168 168 168 6 168 168 168 168 168 168 168 168 168 168 168 168 168 168 168 168 168 9 9 168 168 168 168 168 168 168 168 168 168 168 168 168 168 168 9 9 12 22 12 22 195
R37-M0-N5-C:J16-U01,168 168 168 168 168 168 168 168 168 168 168 168 168 6 6 168 168 168 6 168 168 6 6 6 6 6 6 168 168 168 168 168 168 168 168 168 168 168 168 168 168 6 168 168 168 168 168 168 168 168 168 168 168 168 168 168 168 168 168 9 9 168 168 168 168 168 168 168 168 168 168 168 168 168 168 168 9 9 12 22 12 22 195
R30-M0-N9-C:J07-U01,168 168 168 168 168 168 168 168 168 168 168 168 6 6 168 168 168 6 168 168 168 168 6 6 6 6 6 6 168 168 168 168 168 168 168 168 168 168 168 168 168 168 168 168 168 168 168 168 168 6 168 168 168 168 168 168 168 168 168 168 168 168 168 168 168 168 168 9 9 9 168 168 168 168 168 168 168 168 168 168 168 168 168 9 9 12 22 12 22 195
R32-M1-NE-C:J13-U01,168 168 168 168 168 168 168 168 168 168 168 168 6 6 168 168 6 168 168 6 6 6 6 6 6 168 168 168 168 168 168 168 168 168 168 168 168 168 168 168 168 168 168 168 168 168 168 168 168 168 6 168 168 168 168 168 168 168 168 168 168 168 168 168 168 168 168 9 168 168 168 168 168 168 168 168 168 168 168 168 168 9 12 22 12 22 195
R31-M1-ND-C:J12-U11,168 168 168 168 168 168 168 168 168 6 6 168 168 168 168 6 168 168 168 168 6 6 6 6 6 6 168 168 168 168 168 168 168 168 168 168 168 168 168 168 168 168 168 168 168 168 168 168 168 168 6 168 168 168 168 168 168 168 168 168 168 168 168 168 168 168 168 9 168 168 168 168 168 168 168 168 168 168 168 168 168 9 9 12 22 12 22 195 10 10
R30-M0-N6-C:J14-U11,168 168 168 168 168 168 168 168 168 168 168 6 6 168 168 168 6 168 168 168 168 6 6 6 6 6 6 168 168 168 168 168 168 168 168 168 168 168 168 168 168 168 168 168 168 168 168 168 168 6 168 168 168 168 168 168 168 168 168 168 168 168 168 168 168 9 9 9 9 9 168 168 168 168 168 168 168 168 168 168 168 168 168 12 22 12 22 195
R32-M0-NB-C:J13-U11,168 168 168 168 168 168 168 168 168 168 168 168 168 6 6 168 168 6 168 168 168 168 6 6 6 6 6 6 168 168 168 168 168 168 168 168 168 168 168 168 168 168 168 168 168 168 168 168 6 168 168 168 168 168 168 168 168 168 168 168 168 168 168 168 9 9 9 168 168 168 168 168 168 168 168 168 168 168 168 168 12 22 12 22 195
R32-M0-NB-C:J14-U11,168 168 168 168 168 168 168 168 168 6 6 168 168 168 6 168 168 168 168 6 6 6 6 6 6 168 168 168 168 168 168 168 168 168 168 168 168 168 168 168 168 168 168 6 168 168 168 168 168 168 168 168 168 168 168 168 168 168 168 9 9 9 168 168 168 168 168 168 168 168 168 168 168 168 168 12 22 12 22 195
R32-M1-N1-C:J06-U11,168 168 168 168 168 168 168 168 6 6 168 168 168 6 168 168 168 168 6 6 6 6 6 6 168 168 168 168 168 168 168 168 168 168 168 168 168 168 168 168 168 168 168 168 168 168 168 168 168 6 168 168 168 168 168 168 168 168 168 168 168 168 168 168 168 168 9 168 168 168 168 168 168 168 168 168 168 168 168 168 12 22 12 22 195
R32-M0-N5-C:J14-U01,168 168 168 168 168 168 168 168 168 168 168 168 168 6 6 168 168 6 168 168 168 168 6 6 6 6 6 6 168 168 168 168 168 168 168 168 168 168 168 168 168 168 168 168 168 168 168 6 168 168 168 168 168 168 168 168 168 168 168 168 168 9 9 9 9 168 168 168 168 168 168 168 168 168 168 168 168 168 9 9 12 22 12 22 195
R32-M1-N6-C:J15-U01,168 168 168 168 168 168 168 168 168 168 168 168 168 168 6 6 168 168 6 168 168 168 168 6 6 6 6 6 6 168 168 168 168 168 168 168 168 168 168 168 168 168 168 168 168 168 168 168 168 168 168 168 168 168 168 168 168 168 6 168 168 168 168 168 168 168 168 168 168 168 168 168 168 9 168 168 168 168 168 168 168 168 168 168 168 168 168 9 9 12 22 12 22 195
R32-M1-ND-C:J09-U11,168 168 168 168 168 168 168 168 168 168 6 6 168 168 6 168 168 168 168 6 6 6 6 6 6 168 168 168 168 168 168 168 168 168 168 168 168 168 168 168 168 168 168 168 168 168 168 168 168 168 168 6 168 168 168 168 168 168 168 168 168 168 168 168 168 168 9 168 168 168 168 168 168 168 168 168 168 168 168 168 9 9 12 22 12 22 195
R32-M1-NA-C:J16-U11,168 168 168 168 168 168 168 168 168 168 168 6 6 168 168 6 168 168 6 6 6 6 6 6 168 168 168 168 168 168 168 168 168 168 168 168 168 168 168 168 168 168 168 168 168 168 168 168 168 168 168 168 6 168 168 168 168 168 168 168 168 168 168 168 168 168 168 9 168 168 168 168 168 168 168 168 168 168 168 168 168 9 9 12 22 12 22 195 97
R32-M1-NA-C:J12-U11,168 168 168 168 168 168 168 168 168 168 168 6 6 168 168 6 168 168 6 6 6 6 6 6 168 168 168 168 168 168 168 168 168 168 168 168 168 168 168 168 168 168 168 168 168 168 168 168 168 168 168 168 6 168 168 168 168 168 168 168 168 168 168 168 168 168 168 9 168 168 168 168 168 168 168 168 168 168 168 168 168 9 9 12 22 12 22 195
R30-M1-ND-C:J13-U11,168 168 168 168 168 168 168 168 168 168 168 6 6 168 168 168 6 168 168 168 168 6 6 6 6 6 168 168 168 168 168 168 168 168 168 168 168 168 168 168 168 168 168 168 168 168 168 168 168 168 168 168 168 168 168 6 168 168 168 168 168 168 168 168 168 168 168 168 168 168 9 168 168 168 168 168 168 168 168 168 168 168 168 168 9 9 12 22 12 22 195 4 355
R30-M1-ND-C:J14-U01,168 168 168 168 168 168 168 168 168 168 168 168 168 168 168 6 6 168 168 168 6 168 168 168 168 6 6 6 6 6 168 168 168 168 168 168 168 168 168 168 168 168 168 168 168 168 168 168 168 168 168 168 168 168 168 168 6 168 168 168 168 168 168 168 168 168 168 168 168 168 168 9 168 168 168 168 168 168 168 168 168 168 168 168 168 9 9 12 22 12 22 195
R35-M1-NE-C:J03-U11,168 168 168 168 168 168 168 168 168 168 168 168 168 168 168 6 6 168 168 168 6 168 168 168 168 6 6 6 6 6 168 168 168 168 168 168 168 168 168 168 168 168 168 168 168 168 168 168 168 168 168 168 168 168 168 168 168 6 168 168 168 168 168 168 168 168 168 168 168 168 168 168 9 168 168 168 168 168 168 168 168 168 168 168 168 168 9 9 12 22 12 22 195
R35-M0-NB-C:J13-U11,168 168 168 168 168 168 168 168 168 168 6 6 168 168 168 302 187 147 206 305 307 308 156 341 99 99 27 309 34 306 304 303 375 217 168 6 168 168 6 6 6 6 6 168 168 168 168 168 168 168 168 168 168 168 168 168 168 168 168 168 168 168 6 168 168 168 168 168 168 168 168 168 168 168 168 168 168 9 9 168 168 168 168 168 168 168 168 168 168 168 168 168 12 22 12 22 195
R36-M0-N0-C:J07-U11,168 168 168 168 168 168 168 168 168 6 6 168 6 168 168 168 168 6 6 6 6 6 168 168 168 168 168 168 168 168 168 168 168 168 168 168 168 168 168 168 168 168 168 168 168 168 168 9 9 9 168 168 168 168 168 168 168 168 168 168 12 22 12 22
R31-M0-N4-C:J03-U11,168 168 168 168 168 168 168 168 168 168 168 168 168 168 6 6 168 6 168 168 168 168 6 6 6 6 6 168 168 168 168 168 168 168 168 168 168 168 168 168 168 168 168 6 168 168 168 168 168 168 168 168 168 168 168 9 9 168 168 168 168 168 168 168 168 12 22 12 22
R36-M0-N4-C:J17-U01,168 168 168 168 168 168 168 168 168 168 168 168 168 168 6 6 168 6 168 168 168 168 6 6 6 6 6 168 168 168 168 168 168 168 168 168 168 168 168 168 168 168 168 168 6 168 168 168 168 168 168 168 168 168 168 168 9 9 9 9 168 168 168 168 168 168 168 168 168 12 22 12 22
R33-M0-NC-C:J13-U01,168 168 168 168 168 168 168 168 168 168 168 168 168 168 168 6 6 6 168 168 168 168 6 6 6 6 6 168 168 168 168 168 168 168 168 168 168 168 168 168 168 168 168 168 168 168 168 168 168 168 168 168 168 168 9 9 168 168 168 168 168 168 92 343 12 22 12 22
R33-M0-NC-C:J02-U01,168 168 168 168 168 168 168 168 168 168 168 168 168 168 168 168 6 6 168 6 168 168 168 168 6 6 6 6 6 168 168 168 168 168 168 168 168 168 168 168 168 168 168 168 168 168 168 168 168 168 168 168 168 168 168 168 9 9 168 168 168 168 168 168 12 22 12 22
R37-M0-NC-C:J14-U01,168 168 168 168 168 168 168 168 168 168 168 168 168 6 6 168 302 187 147 206 305 307 308 156 341 99 99 168 6 168 168 168 6 6 6 6 6 168 168 168 168 168 168 168 168 168 168 168 168 168 168 168 6 168 168 168 168 168 168 168 168 168 168 168 9 9 168 168 168 168 168 9 12 22 12 22
R36-M1-N4-C:J08-U01,168 168 168 168 168 168 168 168 168 168 168 168 6 6 168 168 6 6 6 6 168 168 168 168 168 168 168 168 168 168 168 168 168 168 168 168 168 168 168 168 168 168 168 168 168 168 168 168 168 168 168 168 168 168 168 168 9 168 168 168 168 168 9 12 22 12 22
R33-M0-N4-C:J14-U01,168 168 168 168 168 168 168 168 168 168 168 6 6 168 168 168 6 6 6 6 168 168 168 168 168 168 168 168 168 168 168 168 168 168 168 168 168 168 168 168 168 168 168 168 168 168 9 9 168 168 168 168 168 9 12 22 12 22
R34-M0-N0-C:J16-U11,168 168 168 168 168 168 168 168 168 168 168 168 168 6 6 168 168 168 6 6 6 6 168 168 168 168 168 168 168 168 168 168 168 168 168 168 6 168 168 168 168 168 168 168 168 168 168 168 9 9 9 168 168 168 168 168 12 22 12 22
R34-M0-N8-C:J10-U01,168 168 168 168 168 168 168 168 168 168 168 6 6 168 168 168 168 6 6 6 6 168 168 168 168 168 168 168 168 168 168 168 168 168 168 168 168 168 168 168 168 168 168 168 168 168 9 9 9 168 168 168 168 168 12 22 12 22
R34-M1-N8-C:J03-U11,168 168 168 168 168 168 168 168 168 6 6 168 168 168 6 6 6 6 168 168 168 168 168 168 168 168 168 168 168 168 168 168 168 168 168 168 168 168 168 168 168 168 168 168 6 168 168 168 168 168 168 168 168 168 168 168 168 9 168 168 168 168 168 12 22 12 22
R34-M1-N8-C:J14-U11,168 168 168 168 168 168 168 168 168 168 168 168 6 6 168 168 6 6 6 6 168 168 168 168 168 168 168 168 168 168 168 168 168 168 168 168 168 168 168 168 168 168 168 168 6 168 168 168 168 168 168 168 168 168 168 168 168 9 168 168 168 168 168 9 12 22 12 22
R34-M1-NC-C:J17-U01,168 168 168 168 168 168 168 168 168 168 168 168 168 6 6 168 168 168 168 6 6 6 6 168 168 168 168 168 168 168 168 168 168 168 168 168 168 168 168 168 168 168 168 168 168 6 168 168 168 168 168 168 168 168 168 168 168 168 9 168 168 168 168 168 12 22 12 22
R30-M1-N4-C:J17-U11,168 168 168 168 168 168 168 168 168 168 168 168 168 168 168 6 6 168 302 187 147 206 305 307 308 156 341 99 99 27 309 34 306 304 303 375 217 168 168 168 168 6 6 6 6 168 168 168 168 168 168 168 168 168 168 168 168 168 168 168 168 168 168 168 168 168 6 168 168 168 168 168 168 168 168 168 168 168 168 9 168 168 168 168 168 12 22 12 22
R32-M1-NC-C:J09-U11,168 168 168 168 168 168 168 168 168 168 168 168 168 6 6 168 302 187 147 206 305 307 308 156 341 99 99 27 309 34 306 304 303 375 217 168 168 168 6 6 6 6 168 168 168 168 168 168 168 168 168 168 168 168 168 168 168 168 168 168 168 168 168 168 168 168 6 168 168 168 168 168 168 168 168 168 168 168 168 9 168 168 168 168 168 12 22 12 22
R31-M1-NC-C:J05-U01,168 168 168 168 168 168 168 168 168 168 6 6 168 168 6 6 6 6 168 168 168 168 168 168 168 168 168 168 168 168 168 168 168 168 168 168 168 168 168 168 168 168 168 168 168 168 168 168 168 168 9 168 168 168 168 168 9 12 22 12 22
R31-M1-NC-C:J16-U11,168 168 168 168 168 168 168 168 168 168 6 6 168 6 6 6 6 168 168 168 168 168 168 168 168 168 168 168 168 168 168 168 168 168 168 168 168 168 168 168 168 168 168 168 168 168 168 9 168 168 168 168 168 12 22 12 22
R31-M1-NC-C:J14-U11,168 168 168 168 168 168 168 168 6 6 168 6 6 6 6 168 168 168 168 168 168 168 168 168 168 168 168 168 168 168 168 168 168 168 168 168 168 168 168 168 168 168 168 168 168 168 9 168 168 168 168 168 12 22 12 22
R35-M0-N4-C:J07-U01,168 168 168 168 168 168 168 168 168 168 168 168 168 168 6 6 168 6 6 6 6 168 168 168 168 168 168 168 168 168 168 168 168 168 168 168 168 168 168 168 168 168 168 168 168 168 168 9 9 168 168 168 168 168 12 22 12 22
R37-M1-N8,262 35 266 294 262 35 266 262 35 266 262 35 266 262 35 266 262 35 266
R37-M1-N9,262 35 266 294 262 35 266
R17-M0-L2,294 294 294 294 13 350
R07-M0-NA,294 262 35 266 294 262 35 266 262 35 266 262 35 266 262 35 266 262 35 266 262 35 266 172
R01-M0-NB,294 262 35 266 271 271 271 271 271 271 271 271 271 271 271 271 271 271 271 271 271 271 271 271 262 35 266 271 271 271 271 271 271 271 271 271 271 271 271 271 271 271 271 271 271 271 271 271 271 271 271 271 271 271 271 255 294 271 271 271 271 271 271 271 271
R01-M1-N2,294 262 35 266 262 35 266 262 35 266 262 35 266 262 35 266 262 35 266 172 294
R00-M0-NB,294 262 35 266 163 264 163 271 271 163 163 271 271 163 163 271 271 163 163 271 271 163 163 271 271 163 163 271 271 163 163 271 271 163 163 271 271 163 163 271 271 163 163 271 271 163 163 271 271 163 163 271 271 163 163 271 271 163 163 271 271 163 163 271 271 163 163 271 271 163 264 163 271 271 163 163 271 271 163 163 271 271 163 163 271 271 163 163 271 271 163 163 271 271 163 163 271 271 163 163 271 271 163 163 271 271 163 163 271 271 163 163 271 271 163 163 271 271 163 163 271 271 163 163 271 271 163 163 271 271 163 163 271 271 163 264 163 271 271 163 163 271 271 163 163 271 271 163 163 271 271 163 163 271 271 163 163 271 271 163 163 271 271 163 163 271 271 163 163 271 271 163 163 271 271 163 163 271 271 163 163 271 271 163 163 271 271 163 163 271 271 163 163 271 271 163 163 271 271 163 264 163 271 271 163 163 271 271 163 163 271 271 163 163 271 271 163 163 271 271 163 163 271 271 163 163 271 271 163 163 271 271 163 163 271 271 163 163 271 271 163 163 271 271 163 163 271 271 163 163 271 271 163 163 271 271 163 163 271 271 163 163 271 271 163 264 163 271 271 163 163 271 271 163 163 271 271 163 163 271 271 163 163 271 271 163 163 271 271 163 163 271 271 163 163 271 271 163 163 271 271 163 163 271 271 163 163 271 271 163 163 271 271 163 163 271 271 163 163 271 271 163 163 271 271 163 163 271 271 163 264 163 271 271 163 163 271 271 163 163 271 271 163 163 271 271 163 163 271 271 163 163 271 271 163 163 271 271 163 163 271 271 163 163 271 271 163 163 271 271 163 163 271 271 163 163 271 271 163 163 271 271 163 163 271 271 163 163 271 271 163 163 271 271 262 35 266 262 35 266 255 294
R37-M0-N1,262 35 266 294 262 35 266 262 35 266 262 35 266 262 35 266 262 35 266 262 35 266 262 35 266 294 262 35 266
R31-M1-N7,262 35 266 271 271 271 271 271 271 271 271 262 35 266 271 271 271 271 262 35 266 271 271 271 271 271 271 271 271 271 271 271 271 262 35 266 271 271 271 271 271 271 271 271 294 262 35 266 271 271 271 271
R22-M0-NF,262 35 266 262 35 266 262 35 266 262 35 266 294 262 35 266 262 35 266 294
R35-M1-NF,262 35 266 262 35 266 262 35 266 262 35 266 294 262 35 266
R70-M0-N1,262 35 266 271 271 262 35 266 271 271 262 35 266 271 271 271 271
R60-M0-NF,262 35 266 262 35 266 262 35 266 262 35 266 262 35 266
R40-M1-N7,262 35 266 262 35 266 262 35 266
R52-M0-N7,262 35 266 262 35 266
R52-M0-N2,262 35 266 262 35 266
R42-M0-NA,262 35 266 262 35 266 262 35 266
R55-M0-NC,262 35 266 262 35 266 262 35 266 262 35 266
R66-M1-N4,262 35 266 262 35 266 262 35 266 262 35 266 294 262 35 266 262 35 266 262 35 266
R76-M1-N7,262 35 266 262 35 266 262 35 266 262 35 266 262 35 266 262 35 266 262 35 266 262 35 266 262 35 266 262 35 266 262 35 266 262 35 266 262 35 266 262 35 266 262 35 266 262 35 266 262 35 266 262 35 266 262 35 266 262 35 266 262 35 266 262 35 266 262 35 266 262 35 266 262 35 266 262 35 266 262 35 266 262 35 266 262 35 266 262 35 266 262 35 266 262 35 266 262 35 266 262 35 266 262 35 266 262 35 266 262 35 266 262 35 266 262 35 266 262 35 266 262 35 266 262 35 266 262 35 266 262 35 266 262 35 266 262 35 266 262 35 266 262 35 266 262 35 266 262 35 266 262 35 266 262 35 266 262 35 266 262 35 266 262 35 266 262 35 266 262 35 266 262 35 266 262 35 266 262 35 266 262 35 266 262 35 266 262 35 266 262 35 266 262 35 266 262 35 266 262 35 266 262 35 266 262 35 266 262 35 266 262 35 266 262 35 266 262 35 266 262 35 266 262 35 266 262 35 266 262 35 266 262 35 266 262 35 266 262 35 266 262 35 266 262 35 266 262 35 266 262 35 266 262 35 266 262 35 266 262 35 266 262 35 266 262 35 266 262 35 266 262 35 266 262 35 266 262 35 266 262 35 266 262 35 266 262 35 266 262 35 266 262 35 266 262 35 266 262 35 266 262 35 266 262 35 266 262 35 266 262 35 266 262 35 266 262 35 266 262 35 266 262 35 266 262 35 266 262 35 266 294 262 35 266 262 35 266 262 35 266 262 35 266 262 35 266 262 35 266 262 35 266 262 35 266 262 35 266 262 35 266 262 35 266 294 262 35 266 262 35 266 262 35 266 262 35 266 262 35 266
R57-M1-N8,262 35 266 262 35 266 262 35 266
R77-M1-N7,262 35 266 272 272 272 272 262 35 266 272 272 272 272 292 294 133 292 294 133 262 35 266 271 271 272 272 272 272 294 262 35 266 271 271 272 272 272 272 271 271 272 272 272 272
R72-M1-NC-C:J06-U11,5 38 38 38 354 5 38 354 5 38 354 5 38 354 5 38 354 6 173 6 6 5 38 354 4 38 355 12 22 12 22 4 355
R42-M0-NF-C:J13-U01,5 38 354 6 6 173 173 105 5 38 38 38 38 38 38 38 38 38 38 38 38 38 38 38 38 38 38 38 38 38 38 38 38 38 38 38 38 38 38 5 38 354 5 38 354 5 38 354 105 5 38 38 5 38 354 9 12 22 12 22
R40-M1-N7-C:J02-U11,92 343 6 6 173 173 9 12 22 12 22
R51-M0-N5,262 35 266
R42-M0-N4-C:J17-U01,92 343 92 343 92 343 92 343 92 343 92 343 92 343 92 343 92 343 92 343 92 343 92 343 92 343 92 343 92 343 92 343 92 343 6 6 173 173 12 22 12 22
R77-M1-N8-C:J03-U01,329 6 173 6 6 12 22 12 22
R50-M1-N0-C:J04-U11,5 38 354 6 6 173 173 9 12 22 12 22
R65-M1-N2-C:J11-U01,6 173 173 173 173 6 173 173 173 9 173 173 173 173 173 9 173 173 173 173 12 22 12 22
R65-M1-N3-C:J14-U11,6 173 173 173 173 6 173 173 173 9 173 173 173 173 173 9 173 173 173 173 12 22 12 22
R64-M1-NB-C:J12-U01,6 173 173 173 173 6 173 173 173 9 173 173 173 173 173 173 9 173 173 173 173 12 22 12 22
R64-M1-N9-C:J02-U11,6 173 173 173 173 6 173 173 173 9 173 173 173 173 173 9 173 173 173 173 12 22 12 22
R65-M1-NE-C:J06-U11,6 173 173 173 173 6 173 173 173 9 173 173 173 173 173 173 9 173 173 173 173 12 22 12 22
R60-M0-NA-C:J17-U11,6 173 173 173 173 6 173 173 173 9 173 173 173 173 173 173 9 173 173 173 173 12 22 12 22
R64-M0-NB-C:J02-U01,6 173 173 173 173 6 173 173 173 9 173 173 173 173 173 173 9 173 173 173 173 12 22 12 22
R65-M0-NB-C:J10-U01,6 173 173 173 173 6 173 173 173 9 173 173 173 173 173 9 173 173 173 173 12 22 12 22
R64-M0-N3-C:J16-U01,6 173 173 173 173 6 173 173 173 9 173 173 173 173 173 9 173 173 173 173 12 22 12 22
R64-M0-NE-C:J17-U01,6 173 173 173 173 6 173 173 173 9 173 173 173 173 173 173 9 173 173 173 173 12 22 12 22
R64-M0-N1-C:J08-U01,6 173 173 173 173 6 173 173 173 9 173 173 173 173 173 9 173 173 173 173 12 22 12 22
R60-M1-N5-C:J02-U11,6 173 173 173 173 6 173 173 173 92 343 9 173 173 173 173 173 173 9 173 173 173 173 12 22 12 22
R65-M1-N7-C:J11-U11,6 173 173 173 173 6 173 173 173 9 173 173 173 173 173 173 9 173 173 173 173 12 22 12 22
R60-M1-NB-C:J17-U01,6 173 173 173 173 6 173 173 173 9 173 173 173 173 173 173 9 173 173 173 173 12 22 12 22
R60-M0-NE-C:J13-U11,6 173 173 173 173 6 173 173 173 9 173 173 173 173 173 173 9 173 173 173 173 12 22 12 22
R60-M0-NE-C:J15-U01,6 173 173 173 173 6 173 173 173 9 173 173 173 173 173 9 173 173 173 173 12 22 12 22
R65-M0-ND-C:J16-U01,6 173 173 173 173 6 173 173 9 173 173 173 173 173 9 173 173 173 173 12 22 12 22
R65-M0-ND-C:J12-U01,6 173 173 173 173 6 173 173 9 173 173 173 173 173 9 173 173 173 173 12 22 12 22
R60-M1-N7-C:J05-U01,6 173 173 173 173 6 173 173 9 173 173 173 173 173 173 9 173 173 173 12 22 12 22
R61-M1-NB-C:J09-U11,6 173 173 173 173 6 173 173 9 173 173 173 173 173 173 9 173 173 173 12 22 12 22
R61-M1-ND-C:J14-U01,6 173 173 173 173 6 173 173 9 173 173 173 173 173 9 173 173 173 12 22 12 22
R61-M0-N5-C:J15-U11,6 173 173 173 173 6 173 173 9 173 173 173 173 173 9 173 173 173 12 22 12 22
R61-M0-N5-C:J07-U11,6 173 173 173 173 6 173 173 9 173 173 173 173 173 9 173 173 173 12 22 12 22
R61-M1-NA-C:J03-U11,6 173 173 173 173 6 173 173 92 343 92 343 92 343 23 92 343 92 343 23 9 173 173 173 173 173 9 173 173 173 12 22 12 22
R61-M0-N2-C:J13-U01,6 173 173 173 173 6 173 173 9 173 173 173 173 173 173 9 173 173 173 12 22 12 22
R61-M0-N2-C:J08-U01,6 173 173 173 173 6 173 173 9 173 173 173 173 173 9 173 173 173 12 22 12 22
R65-M0-NA-C:J13-U01,6 173 173 173 173 6 173 173 9 173 173 173 173 173 173 9 173 173 173 12 22 12 22
R65-M0-N4-C:J11-U01,6 173 173 173 173 6 173 173 9 173 173 173 173 173 173 9 173 173 173 12 22 12 22
R64-M1-N4-C:J03-U01,6 173 173 173 6 173 173 9 173 173 173 173 173 173 9 173 173 173 12 22 12 22
R64-M0-NC-C:J15-U01,6 173 173 173 6 173 173 9 173 173 173 173 173 173 9 173 173 173 12 22 12 22
R60-M1-N0-C:J16-U11,6 173 173 173 6 173 173 9 173 173 173 173 173 9 173 173 173 173 12 22 12 22
R60-M1-N4-C:J07-U11,6 173 173 173 6 173 173 9 173 173 173 173 173 9 173 173 173 12 22 12 22
R61-M0-N8-C:J05-U01,6 173 173 173 6 173 173 9 173 173 173 173 173 9 173 173 173 12 22 12 22
R61-M1-N4-C:J16-U11,6 173 173 173 6 173 173 9 173 173 173 173 173 9 173 173 173 173 12 22 12 22
R77-M1-N6-C:J06-U11,6 173 6 6 173 173 12 22 12 22
R77-M1-N2-C:J09-U01,6 173 6 6 173 173 12 22 12 22
R77-M1-N3-C:J10-U01,6 173 6 6 173 173 12 22 12 22
R77-M1-N9-C:J05-U11,6 173 6 6 173 173 12 22 12 22 93 93
R66-M0-NE-C:J05-U01,6 173 173 173 173 173 173 173 173 384 9 9 173 173 173 173 173 173 173 173 9 9 173 173 173 173 173 173 173 173 173 173 173 173 173 173 173 173 9 9 173 173 173 173 173 173 173 173 173 173 173 173 173 173 173 173 384 384 12 22 12 22
R66-M0-NE-C:J03-U11,6 173 173 173 173 173 173 173 173 384 92 343 9 9 173 173 173 173 173 173 173 173 9 9 173 173 173 173 173 173 173 173 173 173 173 173 173 173 173 173 9 9 173 173 173 173 173 173 173 173 173 173 173 173 173 173 173 173 384 384 390 12 22 12 22
R66-M0-NE-C:J12-U01,6 173 173 173 173 173 173 173 173 384 9 9 173 173 173 173 173 173 173 173 9 9 173 173 173 173 173 173 173 173 173 173 173 173 173 173 173 173 384 384 9 9 173 173 173 173 173 173 173 173 173 173 173 173 173 173 173 173 384 384 12 22 12 22
R77-M0-NF-C:J11-U11,6 173 6 6 173 173 12 22 12 22
R67-M0-NF-C:J11-U11,6 173 173 173 173 173 173 173 173 384 9 9 173 173 173 173 173 173 173 173 173 173 9 9 173 173 173 173 173 173 173 173 173 173 173 173 173 173 173 173 384 384 9 9 173 173 173 173 173 173 173 173 173 173 173 173 173 173 173 173 384 384 12 22 12 22
R77-M0-NF-C:J04-U11,6 173 6 6 173 173 12 22 12 22
R67-M0-NF-C:J14-U01,6 173 173 173 173 173 173 173 173 384 9 9 173 173 173 173 173 173 173 173 9 9 173 173 173 173 173 173 173 173 173 173 173 173 173 173 173 173 9 9 173 173 173 173 173 173 173 173 173 173 173 173 173 173 173 173 384 384 12 22 12 22
R67-M1-N7-C:J07-U01,6 173 173 173 173 173 173 173 173 384 9 9 173 173 173 173 173 173 173 173 9 9 173 173 173 173 173 173 173 173 173 173 173 173 173 173 173 173 9 9 173 173 173 173 173 173 173 173 173 173 173 173 173 173 173 173 12 22 12 22
R74-M1-ND-C:J09-U11,6 173 6 6 173 173 12 22 12 22
R40-M0-NE-C:J08-U01,6 173 173 173 173 173 173 173 173 384 6 6 173 173 12 22 12 22
R66-M0-N2-C:J17-U11,6 173 173 173 173 173 173 173 173 384 9 9 173 173 173 173 173 173 173 173 9 9 173 173 173 173 173 173 173 173 173 173 173 173 173 173 173 173 9 9 173 173 173 173 173 173 173 173 173 173 173 173 173 173 173 173 384 384 12 22 12 22
R67-M0-N7-C:J02-U11,6 173 173 173 173 173 173 173 173 384 92 343 23 92 343 92 343 92 343 9 9 173 173 173 173 173 173 173 173 173 173 9 9 173 173 173 173 173 173 173 173 173 173 173 173 173 173 173 173 384 384 9 9 173 173 173 173 173 173 173 173 173 173 173 173 173 173 173 173 384 384 12 22 12 22 93 93
R67-M1-NB-C:J11-U11,6 173 173 173 173 173 173 173 173 384 9 9 173 173 173 173 173 173 173 173 9 9 173 173 173 173 173 173 173 173 173 173 173 173 173 173 173 173 384 384 9 9 173 173 173 173 173 173 173 173 173 173 173 173 173 173 173 173 384 384 12 22 12 22
R66-M1-N1-C:J10-U01,6 173 173 173 173 173 173 173 173 384 9 9 173 173 173 173 173 173 173 173 9 9 173 173 173 173 173 173 173 173 173 173 173 173 173 173 173 173 9 9 173 173 173 173 173 173 173 173 173 173 173 173 173 173 173 173 384 384 12 22 12 22
R74-M1-NA-C:J09-U01,6 173 6 6 173 173 12 22 12 22
R74-M1-NF-C:J04-U01,6 173 6 6 173 173 12 22 12 22
R66-M1-N5-C:J13-U11,6 173 173 173 173 173 173 173 173 9 9 173 173 173 173 173 173 173 173 9 9 173 173 173 173 173 173 173 173 173 173 173 173 173 173 9 9 173 173 173 173 173 173 173 173 173 173 173 173 173 173 173 173 12 22 12 22
R74-M0-N3-C:J02-U01,6 173 6 6 173 173 12 22 12 22
R74-M0-N1-C:J16-U01,6 173 6 6 173 173 12 22 12 22
R66-M1-ND-C:J09-U01,6 173 173 173 173 173 173 173 173 9 9 173 173 173 173 173 173 173 173 9 9 173 173 173 173 173 173 173 173 173 173 173 173 173 173 9 9 173 173 173 173 173 173 173 173 173 173 173 173 173 173 173 173 12 22 12 22
R66-M1-NF-C:J09-U11,6 173 173 173 173 173 173 173 173 9 9 173 173 173 173 173 173 173 173 9 9 173 173 173 173 173 173 173 173 173 173 173 173 173 173 9 9 173 173 173 173 173 173 173 173 173 173 173 173 173 173 173 173 12 22 12 22
R66-M1-NF-C:J09-U01,6 173 173 173 173 173 173 173 173 9 9 173 173 173 173 173 173 173 173 9 9 173 173 173 173 173 173 173 173 173 173 173 173 173 173 173 173 9 9 173 173 173 173 173 173 173 173 173 173 173 173 173 173 173 173 12 22 12 22
R73-M1-N5-C:J09-U01,6 173 6 6 173 173 12 22 12 22
R67-M1-N1-C:J07-U11,6 173 173 173 173 173 173 173 173 9 9 173 173 173 173 173 173 173 173 9 9 173 173 173 173 173 173 173 173 173 173 173 173 173 173 173 173 9 9 173 173 173 173 173 173 173 173 173 173 173 173 173 173 173 173 12 22 12 22
R70-M1-N6-C:J07-U01,6 173 6 6 173 173 12 22 12 22
R67-M1-N3-C:J04-U01,6 173 173 173 173 173 173 173 173 9 9 173 173 173 173 173 173 173 173 173 173 9 9 173 173 173 173 173 173 173 173 173 173 173 173 173 173 173 173 9 9 173 173 173 173 173 173 173 173 173 173 173 173 173 173 173 173 12 22 12 22
R70-M1-NB-C:J10-U01,6 173 6 6 173 173 12 22 12 22
R76-M0-NA-C:J16-U11,6 173 6 6 173 173 12 22 12 22
R70-M1-NA-C:J04-U11,6 173 6 6 173 173 12 22 12 22
R67-M0-N0-C:J11-U11,6 173 173 173 173 173 173 173 173 9 9 173 173 173 173 173 173 173 173 9 9 173 173 173 173 173 173 173 173 173 173 173 173 173 173 173 173 9 9 173 173 173 173 173 173 173 173 173 173 173 173 173 173 173 173 12 22 12 22
R67-M0-N0-C:J17-U11,6 173 173 173 173 173 173 173 173 9 9 173 173 173 173 173 173 173 173 9 9 173 173 173 173 173 173 173 173 173 173 173 173 173 173 173 173 9 9 173 173 173 173 173 173 173 173 173 173 173 173 173 173 173 173 12 22 12 22
R70-M1-NE-C:J04-U11,6 173 6 6 173 173 12 22 12 22
R67-M1-N8-C:J07-U01,6 173 173 173 173 173 173 173 173 9 9 173 173 173 173 173 173 173 173 9 9 173 173 173 173 173 173 173 173 173 173 173 173 173 173 173 173 9 9 173 173 173 173 173 173 173 173 173 173 173 173 173 173 173 173 12 22 12 22
R66-M1-N4-C:J14-U01,6 173 173 173 173 173 173 173 173 9 9 173 173 173 173 173 173 173 173 173 173 9 9 173 173 173 173 173 173 173 173 173 173 173 173 173 173 173 173 9 9 173 173 173 173 173 173 173 173 173 173 173 173 173 173 173 173 384 384 12 22 12 22
R76-M1-ND-C:J08-U01,6 173 6 6 173 173 12 22 12 22
R72-M0-ND-C:J15-U01,6 173 6 6 173 173 12 22 12 22
R66-M0-N4-C:J04-U11,6 173 173 173 173 173 173 173 173 9 9 173 173 173 173 173 173 173 173 9 9 173 173 173 173 173 173 173 173 173 173 173 173 173 173 173 173 9 9 173 173 173 173 173 173 173 173 173 173 173 173 173 173 173 173 12 22 12 22
R73-M1-N7-C:J13-U01,6 173 6 6 173 173 12 22 12 22
R73-M1-N7-C:J16-U11,6 173 6 6 173 173 12 22 12 22
R66-M1-N0-C:J08-U11,6 173 173 173 173 173 173 173 173 9 9 173 173 173 173 173 173 173 173 9 9 173 173 173 173 173 173 173 173 173 173 173 173 173 173 173 173 9 9 173 173 173 173 173 173 173 173 173 173 173 173 173 173 173 173 12 22 12 22
R67-M1-N4-C:J13-U11,6 173 173 173 173 173 173 173 173 9 9 173 173 173 173 173 173 9 9 173 173 173 173 173 173 173 173 173 173 173 173 173 173 173 173 9 9 173 173 173 173 173 173 173 173 173 173 173 173 173 173 173 173 12 22 12 22
R70-M0-N2-C:J16-U11,6 173 6 6 173 173 12 22 12 22
R70-M0-N2-C:J04-U01,6 173 6 6 173 173 12 22 12 22
R70-M0-N9-C:J14-U01,6 173 6 6 173 173 12 22 12 22
R70-M0-NF-C:J04-U11,6 173 6 6 173 173 12 22 12 22
R70-M1-NF-C:J14-U11,6 173 6 6 173 173 12 22 12 22
R70-M0-NB-C:J07-U01,6 173 6 6 173 173 12 22 12 22
R70-M1-N7-C:J08-U01,6 173 6 6 173 173 12 22 12 22
R72-M0-N6-C:J11-U11,6 173 6 6 173 173 12 22 12 22
R72-M0-N6-C:J12-U11,6 173 6 6 173 173 12 22 12 22
R76-M1-N2-C:J05-U11,6 173 6 6 173 173 12 22 12 22
R71-M1-N6-C:J07-U11,6 173 6 6 173 173 12 22 12 22
R71-M1-N6-C:J08-U11,6 173 6 6 173 173 12 22 12 22
R71-M1-N9-C:J04-U01,6 173 6 6 173 173 19 21 19 21 12 22 12 22
R73-M0-N5-C:J05-U01,6 173 6 6 12 22 12 22
R76-M0-N7-C:J16-U11,6 173 6 6 12 22 12 22
R76-M0-NE-C:J06-U01,6 173 6 6 12 22 12 22
R76-M1-N5-C:J17-U11,6 173 6 6 12 22 12 22
R74-M0-N2-C:J04-U11,6 173 6 6 12 22 12 22
R72-M1-NF-C:J07-U01,6 173 6 6 12 22 12 22
R72-M0-N5-C:J03-U01,6 173 6 6 12 22 12 22
R72-M0-N5-C:J08-U01,6 173 6 6 12 22 12 22
R75-M0-N9-C:J03-U01,6 173 6 6 12 22 12 22
R75-M0-N5-C:J02-U01,6 173 6 6 12 22 12 22
R75-M0-N1-C:J02-U11,6 173 6 6 12 22 12 22
R76-M0-N1-C:J05-U01,6 173 6 6 12 22 12 22
R73-M1-ND-C:J16-U01,6 173 6 6 12 22 12 22
R76-M0-N3-C:J03-U01,6 173 6 6 12 22 12 22
R75-M0-N6-C:J12-U01,6 173 6 6 12 22 12 22
R75-M0-NA-C:J15-U11,6 173 6 6 12 22 12 22
R71-M0-NF-C:J11-U01,6 173 6 6 12 22 12 22
R75-M1-N9-C:J10-U11,6 173 6 6 12 22 12 22
R75-M1-N9-C:J10-U01,6 173 6 6 12 22 12 22
R75-M1-N6-C:J15-U01,6 173 6 6 12 22 12 22
R72-M1-N8-C:J13-U11,6 173 6 6 12 22 12 22
R76-M0-NC-C:J06-U01,6 173 6 6 12 22 12 22
R72-M0-NC-C:J11-U11,6 173 6 6 12 22 12 22
R70-M1-N0-C:J16-U11,6 173 6 6 12 22 12 22
R73-M1-N0-C:J15-U11,6 173 6 6 12 22 12 22
R73-M1-N0-C:J06-U11,6 173 6 6 12 22 12 22
R75-M0-N8-C:J11-U11,6 173 6 6 12 22 12 22
R75-M0-N8-C:J05-U01,6 173 6 6 12 22 12 22
R75-M0-N8-C:J03-U11,6 173 6 6 12 22 12 22
R75-M0-N8-C:J02-U11,6 173 6 6 12 22 12 22
R71-M0-N8-C:J14-U01,6 173 6 6 11 12 22 12 22
R47-M0-N7-C:J08-U01,6 6 173 173 9 12 22 12 22 195
R41-M1-N5-C:J15-U01,6 6 173 173 9 12 22 12 22 195
R41-M1-N3-C:J16-U11,6 6 173 173 9 12 22 12 22 195
R41-M1-N3-C:J08-U01,6 6 173 173 9 12 22 12 22 195
R55-M1-NF-C:J05-U01,6 6 173 173 9 12 22 12 22
R55-M1-N9-C:J04-U01,6 6 173 173 9 12 22 12 22
R53-M0-NB-C:J03-U11,6 6 173 173 9 93 12 22 12 22 195
R53-M0-NB-C:J12-U11,6 6 173 173 9 12 22 12 22 195
R55-M1-NB-C:J10-U11,6 6 173 173 9 173 12 22 12 22
R55-M1-N3-C:J09-U11,6 6 173 173 92 343 9 390 12 22 12 22 390
R55-M1-N3-C:J04-U01,6 6 173 173 9 173 12 22 12 22
R53-M1-N9-C:J04-U01,6 6 173 173 9 12 22 12 22 195
R54-M0-NF-C:J06-U01,6 6 173 173 9 12 22 12 22 195
R41-M0-N6-C:J17-U01,6 6 173 173 9 12 22 12 22 195
R54-M1-NA-C:J11-U11,6 6 173 173 9 12 22 12 22
R54-M1-NA-C:J16-U01,6 6 173 173 9 12 22 12 22
R53-M0-N5-C:J07-U01,6 6 173 173 9 12 22 12 22
R53-M0-N5-C:J10-U11,6 6 173 173 9 12 22 12 22
R54-M0-NE-C:J15-U01,6 6 173 173 9 12 22 12 22 195
R53-M1-N6-C:J12-U01,6 6 173 173 9 12 22 12 22 195
R55-M0-N6-C:J17-U11,6 6 173 173 9 12 22 12 22
R55-M1-NE-C:J17-U01,6 6 173 173 9 12 22 12 22
R53-M0-ND-C:J13-U11,6 6 173 173 9 12 22 12 22
R53-M0-ND-C:J03-U11,6 6 173 173 9 12 22 12 22
R53-M0-ND-C:J15-U01,6 6 173 173 9 12 22 12 22
R53-M0-NA-C:J16-U01,6 6 173 173 9 12 22 12 22 195
R54-M1-NB-C:J17-U01,6 6 173 173 9 12 22 12 22
R54-M1-NB-C:J11-U01,6 6 173 173 9 12 22 12 22
R53-M0-N1-C:J11-U11,6 6 173 173 9 12 22 12 22 195
R53-M0-N1-C:J17-U11,6 6 173 173 9 12 22 12 22 195
R55-M0-N9-C:J17-U01,6 6 173 173 9 12 22 12 22 195
R55-M0-N9-C:J08-U01,6 6 173 173 9 12 22 12 22 195
R53-M1-NE-C:J05-U11,6 6 173 173 9 12 22 12 22
R54-M0-N5-C:J03-U01,6 6 173 173 9 12 22 12 22
R45-M1-NA-C:J15-U11,6 6 173 173 9 12 22 12 22 195
R45-M0-NB-C:J15-U01,6 6 173 173 9 12 22 12 22 195
R45-M0-NB-C:J10-U11,6 6 173 173 9 12 22 12 22
R44-M0-NF-C:J06-U11,6 6 173 173 9 12 22 12 22
R44-M0-N7-C:J13-U11,6 6 173 173 9 12 22 12 22
R44-M0-N1-C:J09-U01,6 6 173 173 9 12 22 12 22
R44-M0-NE-C:J05-U11,6 6 173 173 9 12 22 12 22
R55-M1-N2-C:J13-U01,6 6 173 173 9 12 22 12 22
R40-M1-N7-C:J12-U01,6 6 173 173 9 12 22 12 22
R43-M0-N6-C:J15-U01,6 6 173 173 9 12 22 12 22
R44-M0-N6-C:J12-U01,6 6 173 173 9 12 22 12 22
R44-M0-N2-C:J07-U11,6 6 173 173 9 12 22 12 22
R44-M0-N5-C:J13-U11,6 6 173 173 9 12 22 12 22
R45-M1-N6-C:J14-U01,6 6 173 173 9 12 22 12 22
R43-M1-N7-C:J09-U01,6 6 173 173 92 343 92 343 92 343 92 343 9 12 22 12 22
R40-M1-N9-C:J06-U01,6 6 173 173 9 12 22 12 22
R43-M1-N6-C:J07-U11,6 6 173 173 9 12 22 12 22
R50-M0-NE-C:J15-U11,6 6 173 173 9 12 22 12 22
R50-M0-NE-C:J16-U01,6 6 173 173 9 12 22 12 22
R44-M0-N9-C:J12-U01,6 6 173 173 9 12 22 12 22
R50-M0-N9-C:J05-U01,6 6 173 173 9 12 22 12 22
R50-M0-N9-C:J07-U01,6 6 173 173 9 12 22 12 22
R50-M1-NF-C:J11-U11,6 6 173 173 12 22 12 22
R52-M1-NA-C:J03-U11,6 6 173 173 9 12 22 12 22
R52-M1-N7-C:J15-U11,6 6 173 173 12 22 12 22
R50-M1-N9-C:J16-U11,6 6 173 173 12 22 12 22
R40-M0-NA-C:J17-U01,6 6 173 173 12 22 12 22
R40-M0-ND-C:J07-U01,6 6 173 173 12 22 12 22
R42-M1-N1-C:J17-U11,6 6 173 173 12 22 12 22
R51-M0-N7-C:J09-U11,6 6 173 173 12 22 12 22
R54-M0-NA-C:J03-U01,6 6 173 173 9 12 22 12 22
R47-M1-N3-C:J06-U11,6 6 173 173 12 22 12 22 12 22
R52-M1-NB-C:J12-U11,6 6 173 173 12 22 12 22
R47-M0-N3-C:J05-U11,6 6 173 173 12 22 12 22
R43-M1-NB-C:J04-U11,6 6 173 173 12 22 12 22
R43-M0-ND-C:J11-U01,6 6 173 173 12 22 12 22
R52-M0-N1-C:J09-U11,6 6 173 173 12 22 12 22
R52-M0-N6-C:J13-U01,6 6 173 173 9 12 22 12 22
R47-M0-NF-C:J03-U11,6 6 173 173 9 12 22 12 22
R52-M0-NA-C:J08-U11,6 6 173 173 11 11 9 12 22 12 22
R52-M0-N9-C:J02-U01,6 6 173 173 12 22 12 22
R47-M0-NE-C:J15-U01,6 6 173 173 12 22 12 22
R47-M0-NB-C:J11-U11,6 6 173 173 12 22 12 22
R47-M1-N6-C:J13-U11,6 6 173 173 12 22 12 22 12 22
R47-M1-N6-C:J12-U01,6 6 173 173 12 22 12 22 12 22
R47-M0-N9-C:J06-U01,6 6 173 173 12 22 12 22
R45-M0-NF-C:J07-U01,6 6 173 173 12 22 12 22
R45-M0-N9-C:J15-U01,6 6 173 173 12 22 12 22
R45-M0-NE-C:J03-U01,6 6 173 173 12 22 12 22
R43-M0-N7-C:J14-U01,6 6 173 173 92 343 12 22 12 22
R50-M1-N1-C:J05-U01,6 6 173 173 12 22 12 22
R50-M0-NB-C:J08-U11,6 6 173 173 12 22 12 22
R50-M0-NB-C:J04-U01,6 6 173 173 9 12 22 12 22
R50-M1-N3-C:J16-U01,6 6 173 173 12 22 12 22
R50-M0-N1-C:J14-U11,6 6 173 173 12 22 12 22
R50-M1-N7-C:J10-U11,6 6 173 173 12 22 12 22
R46-M0-N6-C:J05-U11,6 6 173 173 12 22 12 22
R47-M1-N9-C:J12-U01,6 6 173 173 12 22 12 22 12 22
R42-M1-NE-C:J11-U01,6 6 173 173 9 12 22 12 22
R42-M1-NE-C:J06-U01,6 6 173 173 12 22 12 22
R54-M0-N9-C:J11-U11,6 6 173 173 12 22 12 22
R54-M0-N9-C:J02-U01,6 6 173 173 12 22 12 22
R54-M0-NB-C:J05-U01,6 6 173 173 12 22 12 22
R43-M0-NB-C:J14-U11,6 6 173 173 12 22 12 22
R46-M0-N3-C:J05-U11,6 6 173 173 12 22 12 22
R46-M0-N3-C:J10-U01,6 6 173 173 12 22 12 22
R45-M1-N2-C:J03-U01,6 6 173 173 12 22 12 22
R41-M0-N4-C:J06-U01,6 6 173 173 12 22 12 22
R53-M0-NC-C:J14-U01,6 6 173 173 9 93 12 22 12 22
R54-M0-N4-C:J08-U01,6 6 173 173 12 22 12 22
R55-M1-NC-C:J02-U01,6 6 173 173 92 343 12 22 12 22
R53-M0-N0-C:J11-U01,6 6 173 173 9 12 22 12 22
R45-M1-N8-C:J10-U11,6 6 173 173 9 12 22 12 22
R41-M1-NC-C:J11-U01,6 6 173 173 12 22 12 22
R44-M0-N8-C:J03-U01,6 6 173 173 9 12 22 12 22
R44-M1-NC-C:J13-U01,6 6 173 173 12 22 12 22
R55-M0-NC-C:J05-U11,6 6 173 173 12 22 12 22
R43-M1-NC-C:J17-U01,6 6 173 173 12 22 12 22
R42-M1-N8-C:J07-U01,6 6 173 173 12 22 12 22
R40-M0-N0-C:J03-U01,6 6 173 173 12 22 12 22
R51-M0-N4-C:J17-U11,6 6 173 173 12 22 12 22
R51-M0-N0-C:J14-U11,6 6 173 173 9 12 22 12 22
R50-M1-N0-C:J04-U01,6 6 173 173 12 22 12 22
R40-M0-NC-C:J17-U11,6 6 173 173 12 22 12 22
R45-M1-N0-C:J10-U11,6 6 173 173 9 12 22 12 22
R47-M0-N8-C:J11-U01,6 6 173 173 9 12 22 12 22
R51-M0-N8-C:J17-U11,6 6 173 173 12 22 12 22
R52-M1-N8-C:J05-U11,6 6 173 173 12 22 12 22
R41-M1-N8-C:J14-U01,6 6 173 173 9 12 22 12 22
R43-M0-N8-C:J17-U11,6 6 173 173 12 22 12 22
R52-M0-N4-C:J13-U01,6 6 173 173 23 23 18 18 18 23 23 23 23 93 93 93 93 93 390 390 390 390 19 19 19 19 24 24 24 19 24 24 24 24 24 12 22 12 22 19 24 24
R45-M0-NC-C:J08-U11,6 6 12 22 12 22
R47-M1-N8-C:J04-U11,6 6 12 22 12 22
R47-M1-N0-C:J14-U01,6 6 12 22 12 22
R50-M0-N8-C:J05-U11,6 6 12 22 12 22
R46-M0-N4-C:J04-U01,6 6 12 22 12 22
R20-M0-L1,350
