4172a56c-c781-4307-a81e-3bc3fcf8a47e,1 17 10 16 6 18 19 2 25 3 22 20 7 31 21 9 15 7 21 12 24 11 8 4 5 14 13 23
bfde6bd3-7ef1-4179-a0da-ae6a12bb6fb9,1 17 10 16 6 18 19 2 25 3 22 20 7 31 21 9 15 7 21 12 24 11 8 4 5 14 13 23
ac026b4a-a8d6-4a6c-95d0-3fde50f3e5d1,1 17 10 16 6 18 19 2 25 3 22 20 7 31 21 9 15 7 21 12 7 24 11 8 4 5 14 13 23
a55b2fd8-216b-4930-9ba3-42d62e740c79,1 17 10 16 6 18 19 2 25 3 22 20 7 31 21 9 15 7 21 12 24 11 8 4 5 14 13 23
50fc4fc2-a89e-426d-b42a-a47adc5be427,1 17 10 16 6 18 19 2 25 3 22 20 7 31 21 9 15 7 21 12 24 11 8 4 5 14 13 23
8fe33b19-dcaf-4b44-a4d8-108967c95410,1 17 10 16 6 18 19 2 25 3 22 20 7 31 21 9 15 7 21 12 24 11 8 4 5 14 13 23
483d35a1-774a-4700-afd4-030d3b2f6cc5,1 17 10 16 6 18 19 2 25 3 22 20 7 31 21 9 15 7 21 12 24 11 8 4 5 14 13 23
61a54d08-7761-446b-a05e-5e5444782d3b,1 17 10 16 6 18 19 2 25 3 22 20 7 31 21 9 15 7 21 12 7 24 11 8 4 5 14 13 23
2b1387d1-5bb2-41ef-92ae-41b1dc17077d,1 17 10 16 6 18 19 2 25 3 22 20 7 31 21 9 15 7 21 12 24 11 8 4 5 14 13 23
0486277f-f161-4e65-b863-8a9247e5e3f5,1 17 10 16 6 18 19 2 25 3 22 20 7 31 21 9 15 7 21 12 24 11 8 4 5 14 13 23
98a42dde-cf21-409f-9583-16bbe598f1cf,1 17 10 16 6 18 19 2 25 3 22 20 7 31 21 9 15 21 12 24 11 8 4 5 14 13 23
5f648a21-8b8c-4b77-8a1d-93cc1349af7d,1 17 10 16 6 18 19 2 25 3 22 20 7 31 21 9 15 7 21 12 24 11 8 4 5 14 13 23
74a7c8d9-67a0-4f36-9464-aa24d09505ae,1 17 10 16 6 18 19 2 25 3 22 20 7 31 21 9 15 7 21 12 24 11 8 4 5 14 13 23
b5a2b05a-9f0d-4c5f-9505-13f214f657aa,1 17 10 16 6 18 19 2 25 3 22 20 7 31 21 9 15 7 21 12 24 11 8 4 5 14 13 23
a41d5526-382c-4d0f-bf4e-1fddd7df9007,1 17 10 16 6 18 19 2 25 3 22 20 7 31 21 9 15 7 21 12 24 11 8 4 5 14 13 23
3f062927-0311-4713-8fad-dc05b29b225c,1 17 10 16 6 18 19 2 25 3 22 20 7 31 21 9 15 7 21 12 24 11 8 4 5 14 13 23
f912969e-b277-41e8-b56e-175240ac723e,1 17 10 16 6 18 19 2 25 3 22 20 7 31 21 9 15 7 21 12 24 11 8 4 5 14 13 23
e7950739-0c3c-472f-84bf-2d928b5f45c5,1 17 10 16 6 18 19 2 25 3 22 20 7 31 21 9 15 7 21 12 24 11 8 4 5 14 13 23
317cf6e8-ae8e-4227-be76-34a41236dfd0,1 17 10 16 6 18 19 2 25 3 22 20 7 31 21 9 15 7 21 12 24 11 8 4 5 14 13 23
