5eda3874-867d-4c46-9c08-5576973d1fed,59 3 22 20 21 9 15 12 11 8 4 5 14 23 53 13 52
749729f3-0ddf-4927-8800-2706c567624f,59 3 22 20 7 21 9 15 12 11 8 4 5 54 14 23 13 52 45
311704f0-b22f-45c7-acbe-5819dc9c9a1e,59 3 22 9 15 7 20 21 7 12 11 8 4 5 14 53 13 52 23
43cf6a22-d1de-4267-b9da-61bfe49aa026,59 3 22 20 7 21 9 15 7 12 11 8 4 5 14 13 53 52 23
d2862b3f-f64b-43a2-86a2-b8cbafe491e1,59 3 22 20 7 21 9 15 12 7 11 8 4 5 14 13 52 45 23
e1312dd5-733e-4c2c-be32-d2533b999d60,59 3 22 20 7 21 9 15 12 11 8 4 5 14 53 13 52 23
c82356f4-0693-429e-879c-f783375b372b,59 3 22 9 15 7 20 12 21 11 8 4 5 14 13 23 52
f4cfe410-0214-4689-b34c-0b96fef8621d,59 3 22 9 15 7 20 12 21 11 8 4 5 14 53 13 52 23
a2d8a222-1ff2-4054-8f7d-320e5a5a14ca,59 3 22 20 7 21 9 15 7 12 11 8 4 5 14 13 52 23
7ecd0509-36d7-4b00-9a2f-bf3f74f476d5,59 3 22 20 7 21 9 15 7 12 11 8 4 5 14 53 23 13 52
9e2d5581-7f8c-4e40-9e83-7a2d0873f8f9,59 3 22 20 7 21 9 15 7 12 11 8 4 5 14 13 53 52 23
a185ee87-1bdc-441a-8590-53edb3fef2a7,59 3 22 20 7 21 9 15 7 12 11 8 4 5 14 13 52 23
f0315764-854e-4c39-ae0c-4fcd546eab6b,59 3 22 20 7 21 9 15 7 12 11 8 4 5 14 53 13 52 23
7cf3861e-83b4-4873-bbb7-0cb50961344d,59 3 22 9 15 12 20 21 11 8 4 5 14 13 23 52
6fd043ae-de66-4e42-9021-ee0c481f8269,59 3 22 9 15 7 20 12 21 11 8 4 5 14 53 13 52 23
fcb3402d-2cc1-44aa-a543-90335e279219,59 3 22 20 7 21 9 15 7 12 11 8 4 5 14 53 13 52 23
4d062518-40d5-4c34-b491-a1ba532faced,59 3 22 20 7 21 9 15 7 12 11 8 4 5 14 53 13 52 23
a6a2ef91-f123-4bd2-81b9-583672f50150,59 3 22 20 7 21 9 15 12 11 8 4 5 14 53 13 52 23
edb6c42a-f601-4b26-b3fb-a7789855cd38,59 3 22 9 15 7 20 21 12 11 8 4 5 14 53 13 52 23
f82a6f62-24aa-4aff-a3c8-f18f551d79e0,59 3 22 20 7 21 9 15 7 12 11 8 4 5 14 53 13 52 23
9627d3b8-e738-458e-957b-b884b3f31fed,59 3 22 20 7 21 9 15 7 12 11 8 4 5 14 13 52 23
84204c7d-b9c5-4f9d-a282-90ddcabb7a0c,59 3 22 9 15 7 20 21 12 11 8 4 5 14 23 13 52
4e094b76-7d79-4a73-b07f-cf82ee1c132f,59 3 22 9 15 7 20 21 12 11 8 4 5 14 13 53 52 23
131062da-04b1-4da3-ae19-3414e765e58b,59 3 22 9 15 7 20 12 21 11 8 4 5 14 53 13 52 23
8d47a81c-cedf-493c-a843-32c9b676e171,59 3 22 20 7 21 9 15 7 12 11 8 4 5 14 13 52 23
21a48f4a-b70c-4acc-a60f-a7e5e608f170,59 3 22 20 7 21 9 15 7 12 11 8 4 5 14 53 13 52 23
b691aa48-5aa0-4125-9a4e-e9f36609be63,59 3 22 20 7 21 9 15 7 12 11 8 4 5 14 13 52 45 23
f8c56aba-3e79-4f20-90aa-302d1d99f55c,59 3 22 9 15 7 20 12 21 11 8 4 5 14 13 53 52 23
8faf4ad5-587c-4137-886d-d24af1f60378,59 3 22 9 15 7 20 12 21 11 8 4 5 14 13 52 23
542f9462-6c71-40b8-9513-7774af5db626,59 3 22 20 7 21 9 15 7 12 11 8 4 5 14 53 13 52 23
ea3564d2-0e73-4ef3-8c02-39a03b7d61a1,59 3 22 20 7 21 9 15 7 12 11 8 4 5 14 53 13 52 23
e8563530-7b63-4504-b235-dc1a691a454a,59 3 22 9 15 7 20 12 21 11 8 4 5 14 13 53 52 23
e48af1ab-c5ec-4f88-ad2f-dcfe73c3ea72,59 3 22 20 7 21 9 15 7 12 11 8 4 5 14 53 13 52 23
302d518f-1368-4332-b79c-a82084aae34d,59 3 22 20 7 21 9 15 7 12 11 8 4 5 14 53 13 23 52
8c70c6d2-4008-4ab4-afc8-f8dd74e57511,59 3 22 20 7 21 9 15 7 12 11 8 4 5 14 23 53 13 52
b115612e-d014-4749-9413-afec82ef2ee3,59 3 22 20 21 9 15 12 11 8 4 5 14 13 52 23
c8a094ab-2199-4b24-967a-be4db269e646,59 3 22 20 7 21 9 15 12 7 47 11 8 4 5 14 53 13 52 23
bcfc3aa7-ff65-476e-97fa-09d95a6c300f,59 3 22 9 15 7 20 12 21 7 11 8 4 5 14 53 13 23 52
0d294c78-c942-4328-a23e-8298a4845596,59 3 22 20 7 21 9 15 7 12 11 8 4 5 14 53 13 52 23
45c70c93-3c4b-4b7e-982d-aa7946112451,59 3 22 20 7 21 9 15 7 12 11 8 4 5 14 53 13 52 23
3aaf8566-365d-41b9-ac19-4989a67f1751,59 3 22 20 7 21 9 15 7 12 11 8 4 5 14 13 52 23
f6ab7d97-7b40-4439-a0f9-d7b6b1f9c27f,59 3 22 20 7 21 9 15 7 12 11 8 4 5 14 53 13 52 23
4e63347f-d3c8-4c03-9ca3-b0429f426cee,59 3 22 9 15 7 20 21 12 11 8 4 5 14 53 13 52 23
f46d9488-760f-41d7-bdc7-253afc297851,59 3 22 20 7 21 9 15 7 12 11 8 4 5 14 23 53 13 52
04dbf482-f183-43c0-ae15-7db7758c009b,59 3 22 9 15 7 20 21 12 11 8 4 5 14 23 53 13 52
4dd26879-669c-4841-82c3-ac37862708ad,59 3 22 20 7 21 9 15 7 12 11 8 4 5 14 13 52 23
5dbe9c2b-9983-4888-857b-531153bcaaf6,59 3 22 20 7 21 9 15 7 12 11 8 4 5 14 13 53 52 23
931a1c9b-9673-4af0-9940-244fa29bb3a0,59 3 22 20 7 21 9 15 12 11 8 4 5 14 53 13 52 23
92550178-a9db-4f05-825c-1e2778e7f8d2,59 3 22 20 7 21 9 15 7 12 11 8 4 5 14 53 13 52 23
01281756-3376-44a7-9593-fee743a7851b,59 3 22 9 15 7 20 21 12 11 8 4 5 14 53 13 52 23
